90 2
51 77
51 131
51 120
51 69
51 70
51 73
51 95
51 111
51 67
51 89
51 77
51 131
51 120
51 78
51 78
51 118
51 61
51 61
51 120
51 111
51 77
51 84
51 77
51 72
51 65
51 122
51 66
51 70
51 144
51 122
51 76
51 90
51 139
51 67
51 76
51 66
51 107
51 90
51 76
51 88
51 101
51 70
51 116
51 115
51 77
51 97
51 69
51 78
51 111
51 125
51 73
51 109
51 65
51 74
51 81
51 82
51 129
51 111
51 66
51 72
51 67
51 102
51 108
51 66
51 68
51 105
51 58
51 59
51 108
51 110
51 68
51 97
51 89
51 64
51 62
51 60
51 80
51 78
51 69
51 71
51 80
51 104
51 102
51 75
51 79
51 61
51 129
51 82
51 60
51 59
